LM3=6
16.04925 9.396862 2.862284
16.2121 9.386909 5.759791
16.27665 10.69255 4.38856
16.64129 8.687833 4.673784
16.38093 9.597959 4.418148
16.72791 9.670239 4.829663
ID=Segmentation_01a-8
LM3=6
16.18245 9.055605 8.396343
16.05905 9.61177 11.69442
16.05075 10.69447 10.06378
16.77672 8.582259 10.5017
16.34374 9.519279 10.24548
16.69107 9.844362 10.69456
ID=Segmentation_01a-20
LM3=6
15.87725 9.696389 27.18686
15.73709 8.975821 30.85188
15.84208 10.78028 29.53236
16.37045 8.690569 29.12579
15.97802 9.714091 29.23278
16.40903 9.661142 29.88388
ID=Segmentation_01a-34
LM3=6
6.238991 5.322081 6.681909
5.752313 5.435565 10.12955
6.901372 4.383337 8.53156
5.107626 5.47491 8.400174
5.998819 5.051816 8.457816
5.796289 4.674222 8.973946
ID=Segmentation_01a-35
LM3=6
6.49869 4.908315 19.47506
5.471212 5.389366 22.48602
7.000381 4.309657 21.39364
5.128159 5.393996 20.72298
6.005199 4.912853 21.05528
5.666915 4.635034 21.48466
ID=Segmentation_01a-41
LM3=6
5.926987 4.855519 25.22813
5.456492 4.838856 28.56444
6.83237 4.045449 27.11226
4.815275 5.15494 26.88363
5.770787 4.644218 26.94053
5.340065 4.327005 27.45422
ID=Segmentation_01a-43
LM3=6
5.574326 4.670714 31.64357
4.982065 4.869683 34.33436
6.563781 4.273077 33.25235
4.444995 4.79177 32.91184
5.435462 4.54144 33.02968
5.344764 4.289351 33.43055
ID=Segmentation_01a-47
LM3=6
4.022539 5.577332 1.146659
4.532537 5.197888 4.444889
5.753049 4.951054 2.463886
3.499586 5.301178 3.251445
4.548707 5.116015 2.856109
4.547338 4.61434 3.246094
ID=Segmentation_05a-1
LM3=6
4.768761 4.866746 6.749822
3.923808 4.94354 9.94048
5.62945 4.149006 8.50246
3.514052 4.96546 8.586572
4.543735 4.555965 8.572382
4.282273 4.203424 8.808096
ID=Segmentation_05a-2
LM3=6
4.813671 4.164454 11.94004
3.920665 4.441971 15.07752
5.631749 3.626653 13.881
3.687745 4.398746 13.30595
4.603517 4.125942 13.63486
4.264236 3.77137 13.90256
ID=Segmentation_05a-3
LM3=6
5.035458 4.00907 17.22499
4.380813 4.186493 20.44725
5.792975 3.369999 19.2662
3.796157 4.251652 18.99343
4.779563 3.853526 19.13447
4.502213 3.584682 19.47924
ID=Segmentation_05a-4
LM3=6
5.130142 3.747555 22.88927
5.430087 3.712708 26.33825
6.421749 2.795459 24.73748
4.266325 3.864793 24.61104
5.288404 3.440209 24.72781
5.158583 3.038071 25.1221
ID=Segmentation_05a-5
LM3=6
3.829127 15.78884 6.021504
5.111766 16.38691 8.579601
3.674616 15.7268 8.065919
5.15055 16.67376 6.965214
4.465368 16.10393 7.44352
4.448229 16.52252 7.736322
ID=Segmentation_05a-8
LM3=6
4.200817 15.33127 12.70336
6.446608 16.01054 15.18758
4.559398 15.63361 15.06945
6.047979 16.30173 13.51939
5.34453 15.77879 14.28042
5.448992 16.273 14.56147
ID=Segmentation_05a-9
LM3=6
6.111736 15.44826 18.35972
6.365428 15.26516 21.5676
5.032133 15.43093 20.3441
7.161949 15.82673 20.29673
6.051482 15.59461 20.29007
6.010204 15.89455 20.61164
ID=Segmentation_05a-12
LM3=6
5.941084 14.98708 24.31656
7.395605 14.6506 27.33363
5.63419 14.78127 26.32717
7.358421 15.16582 25.48508
6.47855 14.96572 25.89827
6.69649 15.32365 26.37389
ID=Segmentation_05a-13
LM3=6
7.100189 14.66752 30.4439
5.891034 13.65331 33.30998
5.127891 13.59259 31.55944
6.975897 14.66285 32.62933
6.106208 13.99886 32.00251
5.774044 14.27624 32.38414
ID=Segmentation_05a-14
LM3=6
3.087432 8.516242 6.452097
3.278988 7.017281 9.398259
3.404008 6.543344 7.274401
2.552839 8.295515 8.502707
3.108932 7.532104 7.938233
2.69672 7.173006 8.248521
ID=Segmentation_05a-16
LM3=6
5.990334 15.61498 1.824802
7.291245 16.3488 4.446141
5.484875 15.54529 3.661133
7.294549 16.57682 2.948192
6.459274 16.06944 3.353657
6.462869 16.54348 3.679307
ID=Segmentation_05a-17
LM3=6
3.116407 6.505105 26.05275
3.374607 6.127161 29.63931
3.174767 5.007797 27.93622
2.577441 7.425003 28.03987
3.049849 6.292325 27.92163
2.536397 6.017812 28.49198
ID=Segmentation_05a-19
LM3=6
14.35616 11.1517 5.845009
14.19964 9.322669 8.559827
14.62276 11.22474 7.878811
14.3795 9.375209 6.957121
14.43606 10.31074 7.419212
14.82047 10.10864 7.620777
ID=Segmentation_05a-23
LM3=6
13.81107 8.559515 19.57593
13.43935 7.309336 22.40653
14.17996 8.704247 21.57702
13.40642 7.332835 20.77489
13.68263 8.086417 21.19181
13.93295 7.631042 21.44128
ID=Segmentation_05a-25
LM3=6
13.72524 8.114819 25.19097
13.22286 6.45354 27.88367
13.92584 8.253243 27.26405
13.37883 6.297027 26.18443
13.71192 7.271716 26.75152
13.98703 6.8519 27.01224
ID=Segmentation_05a-26
LM3=6
4.701364 8.730478 1.558324
4.293379 9.322769 4.88234
4.155006 7.773227 3.800461
4.117809 10.0686 3.123458
4.300567 8.972187 3.435762
3.826129 9.012273 3.712498
ID=Segmentation_05a-29
LM3=6
3.167686 8.942769 14.94569
3.358938 9.782749 18.20794
2.553198 8.575582 17.14921
3.602684 10.3023 16.46834
3.106372 9.288302 16.79187
2.860631 9.701761 17.06713
ID=Segmentation_05a-31
LM3=6
2.834461 8.111712 21.82163
3.415449 9.56902 24.53468
2.466955 7.994719 24.12031
3.365295 9.666188 23.02016
2.902246 8.789633 23.59829
2.631353 9.124465 23.78934
ID=Segmentation_05a-32
LM3=6
2.79183 7.848781 28.95672
2.787888 7.843871 32.18298
2.178381 6.797754 30.80096
2.897249 8.824612 30.58693
2.633258 7.776584 30.68244
2.32141 7.91163 31.03762
ID=Segmentation_05a-33
LM3=6
14.48899 12.37482 7.429111
15.52689 10.48675 9.832701
14.63413 12.27271 9.707877
15.81992 11.02054 8.195974
15.19808 11.57148 8.872767
15.59224 11.64369 9.152605
ID=Segmentation_05a-34
LM3=6
6.135693 15.70589 14.60072
7.181726 16.54059 17.47858
5.50136 15.70879 16.59224
7.468269 16.72896 15.79628
6.446307 16.26096 16.29737
6.456656 16.67149 16.53897
ID=Segmentation_05a-35
LM3=6
14.16077 10.92787 18.57888
14.58978 9.441172 21.02346
14.05545 11.27451 20.67386
14.9402 9.750036 19.38598
14.41313 10.42406 20.05831
14.97323 10.38358 20.36167
ID=Segmentation_05a-36
LM3=6
14.19788 12.41237 1.97479
14.69938 12.28556 5.251729
13.52123 13.53481 3.9877
15.33092 12.10574 3.871519
14.44883 12.59023 3.789825
14.78028 13.04922 4.0976
ID=Segmentation_06a-1
LM3=6
14.57116 12.80567 15.29189
15.10952 12.31158 18.4565
13.92558 13.37498 17.44739
15.57194 12.50523 16.80671
14.72816 12.89754 16.97067
15.03282 13.1772 17.37711
ID=Segmentation_06a-9
LM3=6
14.95636 13.28302 27.11873
15.30646 13.30074 30.98607
14.17677 14.21285 29.44392
16.41321 12.86053 28.60728
15.34319 13.34072 29.20035
15.58147 13.80478 29.75249
ID=Segmentation_06a-13
LM3=6
7.707228 4.875955 5.973421
7.206063 5.017684 9.358139
8.794287 4.414732 8.042975
6.620292 4.956706 7.51179
7.634346 4.757768 7.666803
7.424044 4.389954 8.168008
ID=Segmentation_06a-14
LM3=6
8.234631 4.658981 12.09087
7.650551 4.577005 15.30842
8.916957 4.314345 13.72839
6.82941 4.334672 13.45462
7.806301 4.383793 13.7293
7.825461 3.957289 14.21464
ID=Segmentation_06a-15
LM3=6
9.055683 4.7452 17.7016
7.177266 4.784714 20.3725
9.138387 4.277806 19.91064
7.308616 4.518846 18.5044
8.185955 4.535666 19.07657
7.828934 4.097116 19.47336
ID=Segmentation_06a-17
LM3=6
7.991533 4.45759 24.64093
7.568985 4.52747 27.93648
8.981487 4.055181 26.37073
6.926206 4.18305 26.23017
7.871448 4.082065 26.38922
7.890699 3.704997 26.96178
ID=Segmentation_06a-18
LM3=6
8.3668 4.461013 30.61553
8.149798 4.537404 33.967
9.689482 4.004324 32.43534
7.147581 4.320603 32.40044
8.266605 4.195858 32.30152
8.271216 3.804982 32.85243
ID=Segmentation_06a-19
LM3=6
10.5805 14.50862 6.218128
10.22721 14.48999 9.124724
9.132752 15.01432 7.628867
11.38403 14.59948 8.158393
10.32715 14.69708 7.77499
10.27279 15.10061 8.140298
ID=Segmentation_06a-46
LM3=6
11.34774 4.234366 4.458196
10.57083 3.678405 7.939435
12.04554 4.619586 6.74167
10.36646 3.021907 5.901172
11.10907 3.771757 6.289567
11.36218 3.489028 6.771389
ID=Segmentation_06a-48
LM3=6
11.00124 3.979297 9.930071
9.999582 3.367685 13.23436
11.79657 4.334865 12.13045
10.1772 2.852586 11.48944
10.88495 3.636799 11.70544
11.02648 3.275996 12.3492
ID=Segmentation_06a-49
LM3=6
11.4102 4.208225 15.19065
10.05779 3.206844 18.53711
12.04925 4.34604 17.77675
10.28546 2.837268 16.89333
11.16748 3.675018 17.02325
11.27787 3.253334 17.61312
ID=Segmentation_06a-50
LM3=6
6.819623 3.435709 15.52481
6.191079 3.447625 19.75316
8.164835 2.778983 17.72996
5.363434 3.102723 17.7156
6.737543 3.159581 17.75246
6.723432 2.616495 18.24715
ID=Segmentation_08ab-4
LM3=6
6.162309 3.216453 23.08238
5.320561 3.647888 26.43644
6.984436 2.524737 25.71048
4.652492 3.560826 24.20748
5.744989 3.215547 24.88048
5.44997 2.686872 25.50179
ID=Segmentation_08ab-5
LM3=6
5.796085 3.465885 30.59398
4.498269 3.93086 33.6917
5.95093 2.94398 32.90408
4.366442 3.815271 31.92697
5.144451 3.497976 32.32417
4.703653 3.146212 32.66774
ID=Segmentation_08ab-6
LM3=6
16.06383 10.69343 7.346372
15.99809 9.885288 10.74889
15.97275 11.60673 9.550049
16.61777 9.54187 9.061292
16.14609 10.55834 9.265205
16.6654 10.67 9.849668
ID=Segmentation_08ab-7
LM3=6
14.85383 10.82797 26.29041
14.60059 10.48872 29.30862
14.39033 11.93826 28.0043
15.28415 10.07289 27.9215
14.81896 10.95007 28.00172
15.15169 10.99328 28.27668
ID=Segmentation_08ab-10
LM3=6
8.947642 3.371892 9.076381
9.857061 3.591226 12.30975
10.54057 3.736335 10.59789
8.643658 2.825184 11.12298
9.504427 3.440117 10.88003
9.790182 3.074536 11.25784
ID=Segmentation_08ab-14
LM3=6
9.587322 3.906849 15.21481
9.161309 3.783414 19.27241
10.5857 3.594758 17.60957
8.306414 3.211305 17.6046
9.466746 3.607545 17.61043
9.604887 3.118003 18.06389
ID=Segmentation_08ab-15
LM3=6
9.482439 4.113686 22.17747
8.860854 4.435371 25.9588
10.46465 4.153511 24.34591
8.029394 3.708364 23.81992
9.217164 4.053773 24.22789
9.164071 3.746534 24.85336
ID=Segmentation_08ab-17
LM3=6
9.402842 4.789719 29.42731
9.81179 5.020524 32.64619
10.74929 4.919442 30.72961
8.900599 4.360435 31.10958
9.744654 4.696203 31.0563
9.950487 4.345252 31.54054
ID=Segmentation_08ab-18
LM3=6
4.349607 13.69329 6.513556
5.578532 14.74311 9.098574
3.924074 13.48383 8.467775
5.298308 15.06643 7.50045
4.723143 14.26582 8.077394
4.534647 14.62699 8.510143
ID=Segmentation_08ab-19
LM3=6
5.457333 6.822586 0.867934
5.653879 6.291561 3.899911
6.558888 5.714909 2.384728
4.946972 6.513004 2.599037
5.614502 6.505075 2.488461
5.491627 5.881989 2.879969
ID=Segmentation_08ab-49
LM3=6
5.473446 6.222741 6.666788
5.513113 5.822603 9.472328
6.606612 5.273526 8.109865
4.66696 6.038993 7.986251
5.634213 5.794716 8.121073
5.42233 5.342822 8.363688
ID=Segmentation_08ab-50
LM3=6
3.275622 12.47933 1.60252
3.189886 12.66009 4.64957
2.106697 12.08877 3.218622
3.756366 13.34167 3.31516
3.020732 12.7614 3.278944
2.805301 13.03177 3.642267
ID=Segmentation_10a-1
LM3=6
3.025492 13.74332 14.88187
3.238241 14.30115 17.94369
1.913005 13.49705 16.85284
3.636438 14.73886 16.43883
2.823268 14.12038 16.66204
2.52481 14.47918 16.8917
ID=Segmentation_10a-3
LM3=6
3.354813 14.50182 21.43374
4.16313 15.09343 24.75057
2.454665 14.32945 23.72587
4.329417 15.57307 23.09185
3.466398 14.94168 23.35308
3.241803 15.36813 23.67011
ID=Segmentation_10a-4
LM3=6
3.709657 14.98478 29.14416
3.122842 14.71298 32.51968
2.301851 13.98746 30.62581
3.895368 15.59642 31.09907
3.106808 14.86541 30.95779
2.800316 15.12298 31.30372
ID=Segmentation_10a-5
LM3=6
12.41202 6.310093 6.87455
12.50646 6.264414 9.67069
12.83425 7.368366 8.258872
12.62571 5.485066 8.363257
12.67027 6.418854 8.392484
13.05814 6.352868 8.690851
ID=Segmentation_10a-6
LM3=6
13.05027 6.516055 26.456
13.29048 7.192977 29.97229
13.84361 8.1341 28.03183
13.38215 5.953273 28.51424
13.5029 6.990138 28.28725
13.91965 7.066908 28.82056
ID=Segmentation_10a-10
LM3=6
4.240331 4.260712 21.78041
4.089395 4.362459 24.50784
5.116488 3.335586 23.35913
3.483677 4.571045 23.20065
4.292413 4.013826 23.24903
3.981996 3.76937 23.55221
ID=Segmentation_10a-18
LM3=6
14.64906 9.671973 5.625667
14.80865 9.153825 9.024967
15.01249 11.00989 7.779835
14.83494 8.630467 7.102912
14.87661 9.782557 7.441546
15.37105 9.555408 7.942889
ID=Segmentation_10a-20
LM3=6
15.86418 9.117137 23.87259
15.76791 8.380456 26.35584
15.80169 9.938772 25.52683
16.21431 8.191021 24.88461
15.96638 8.968767 25.19182
16.29841 8.900771 25.65604
ID=Segmentation_10a-25
LM3=6
6.581353 3.031794 19.97582
6.648657 2.918238 22.7904
7.670587 2.195504 21.6139
5.760567 2.957099 21.31256
6.689995 2.704809 21.50021
6.564736 2.309633 21.7892
ID=Segmentation_10a-30
LM3=6
6.31399 3.061378 26.71648
5.63809 3.55721 29.53917
6.630759 2.380801 28.72647
5.170628 3.660831 27.81985
5.949227 3.152572 28.30529
5.525258 2.926787 28.54316
ID=Segmentation_10a-31
LM3=6
13.31667 12.3111 27.32205
13.89557 10.82595 30.53477
12.9723 12.7642 29.31499
14.46437 10.93475 28.81011
13.669 11.73991 29.13709
14.06047 11.85003 29.58137
ID=Segmentation_10a-36
LM3=6
12.71498 11.95918 33.7526
13.49663 11.05328 37.00248
12.51804 12.51778 36.09079
14.04449 10.90676 34.9772
13.28464 11.60737 35.5174
13.64903 11.8526 35.94313
ID=Segmentation_10a-38
LM3=6
11.74211 13.14043 1.062674
13.0783 11.15043 3.666911
12.17595 13.41234 3.17988
13.08205 11.66376 1.954375
12.61196 12.51247 2.664469
13.20195 12.38005 2.996653
ID=Segmentation_11ed-5
LM3=6
12.5515 12.9088 6.48237
12.85705 13.40367 9.875594
12.26868 14.4119 8.340027
13.42772 12.44242 8.206799
12.84674 13.35054 8.25172
13.2599 13.59868 8.727301
ID=Segmentation_11ed-6
LM3=6
6.588896 4.060578 12.51486
5.934036 4.400574 15.56182
7.559655 3.852028 14.50889
5.371453 4.0231 14.07426
6.433973 4.033304 14.17392
6.311111 3.572116 14.56839
ID=Segmentation_11ed-31
LM3=6
6.058608 4.673355 18.62901
6.256266 4.850081 21.52604
7.188953 4.219031 19.98833
5.312336 4.773474 20.08694
6.251462 4.60221 20.0643
6.136693 4.312309 20.48952
ID=Segmentation_11ed-33
LM3=6
6.699325 5.075451 24.84488
6.454242 5.576847 27.42834
7.618607 4.995394 26.51073
5.673454 5.288464 26.20273
6.633027 5.191059 26.39928
6.511699 4.945316 26.7184
ID=Segmentation_11ed-34
LM3=6
6.582159 17.53025 1.656658
6.271542 17.52489 4.599501
5.198259 17.80902 3.128181
7.251487 17.71552 3.405414
6.219604 17.71103 3.213028
6.339311 18.08568 3.687188
ID=Segmentation_12m-5
LM3=6
5.87067 17.32134 7.57549
7.407279 16.86681 10.11005
5.582008 17.34044 9.640158
7.499867 17.32862 8.573437
6.537161 17.24079 9.054051
6.759098 17.63717 9.48227
ID=Segmentation_12m-6
LM3=6
6.695767 15.79498 19.58521
7.086077 15.62223 22.62158
5.859014 16.21193 21.48348
7.709469 15.75058 21.2966
6.779366 15.87941 21.43123
6.944481 16.23344 21.682
ID=Segmentation_12m-28
LM3=6
6.736408 15.24164 25.58134
6.632309 14.89428 28.48059
5.486622 15.33786 26.94201
7.562117 15.27682 27.26978
6.576548 15.21323 27.10618
6.484018 15.56689 27.54785
ID=Segmentation_12m-29
LM3=6
6.528416 15.63177 28.46677
6.736113 15.69115 31.66089
5.621614 15.21232 30.21692
7.152308 16.32439 30.21196
6.409371 15.68052 30.23004
6.182569 16.10242 30.50924
ID=Segmentation_12m-37
LM3=6
8.314636 4.998548 17.37927
7.774022 4.156355 20.21103
9.294444 5.107544 19.0896
7.592006 4.069512 18.72206
8.320946 4.506836 18.97972
8.502938 4.130718 19.24349
ID=Segmentation_12m-38
LM3=6
8.417409 4.043428 23.03444
8.766473 3.719613 26.11119
9.855847 4.722797 24.7381
8.353696 3.235983 24.64726
9.034429 3.971084 24.70887
9.325464 3.606218 25.05693
ID=Segmentation_12m-39
LM3=6
9.376163 3.664927 29.02945
8.88096 2.926304 31.83888
10.1922 3.717682 30.86136
8.611288 2.5043 30.37366
9.244043 3.122808 30.58393
9.526246 2.761065 30.88299
ID=Segmentation_12m-40
LM3=6
10.23741 16.25266 1.009945
11.47151 15.50104 3.343035
10.17648 16.46393 2.838082
11.64673 15.74512 1.743019
10.95451 15.9725 2.309197
11.29779 16.20795 2.619567
ID=Segmentation_12m-42
LM3=6
10.96742 15.56448 6.365335
11.1521 14.93725 9.637218
10.06024 16.0252 8.325466
12.0061 15.16174 8.00647
11.03597 15.46215 8.173366
11.22207 15.8009 8.724596
ID=Segmentation_12m-43
LM3=6
10.41756 14.67556 19.04944
11.21683 13.54767 22.003
10.20326 15.0991 21.09328
11.70446 13.85754 20.09419
10.93973 14.31095 20.71268
11.32744 14.42326 21.154
ID=Segmentation_12m-45
LM3=6
10.06296 14.10282 25.23762
10.42396 13.28633 27.96503
9.259657 14.47093 27.1299
11.12696 13.63162 26.37713
10.13498 13.94514 26.75583
10.37504 14.15805 27.1922
ID=Segmentation_12m-46
LM3=6
7.944174 5.591148 4.703602
5.94108 5.159816 6.853608
7.979101 5.231275 6.829213
6.37832 4.985105 5.212217
7.057835 5.227644 6.034886
6.910683 4.792027 6.316215
ID=Segmentation_12m-47
LM3=6
6.205927 4.936148 10.34464
5.481143 4.649537 13.5883
7.341625 4.553163 12.20831
5.049138 4.398829 11.84353
6.104807 4.57511 12.10785
6.063244 4.120405 12.4483
ID=Segmentation_12m-48
LM3=6
6.186285 4.472509 16.3299
5.355455 3.84465 19.21878
7.058289 3.85813 18.10686
4.951548 3.82241 17.61072
5.82694 3.944565 17.86185
5.87542 3.493119 18.18465
ID=Segmentation_12m-49
LM3=6
9.274496 14.40316 1.252893
9.250415 14.3691 4.0853
8.465083 15.06061 2.900547
10.19613 14.21916 2.733667
9.351359 14.56339 2.843644
9.456105 14.84875 3.093989
ID=Segmentation_12m-55
LM3=6
7.972072 3.253996 4.463165
6.988529 3.23689 7.154465
8.681021 2.906011 6.342569
6.64639 3.132643 5.637589
7.62113 3.021574 5.984057
7.471021 2.708835 6.325833
ID=Segmentation_12m-62
LM3=6
8.818547 2.39229 17.69696
8.856883 2.344994 20.57099
10.01038 2.33948 19.36382
7.960134 2.079124 19.32468
8.912628 2.201369 19.27303
8.990011 1.894986 19.62329
ID=Segmentation_12m-65
LM3=6
10.99487 2.136588 31.07965
9.426433 2.708783 33.37267
10.98205 1.892475 33.07328
9.425426 2.386158 31.8329
10.2052 2.131314 32.40299
9.952727 1.944017 32.69926
ID=Segmentation_12m-68
LM3=6
10.25447 16.68683 0.9521003
9.221677 16.35957 3.642823
8.507817 16.5288 1.789626
10.27144 16.97334 2.717461
9.377542 16.68524 2.250802
9.150672 16.95653 2.639927
ID=Segmentation_14-1
LM3=6
9.317253 16.36651 6.968912
8.732974 16.19211 9.803614
7.874627 16.23652 8.236844
9.706117 16.73289 8.903656
8.823308 16.44746 8.529608
8.616576 16.75675 8.868043
ID=Segmentation_14-2
LM3=6
8.39685 15.66508 20.08112
8.929491 15.7953 23.05227
7.466187 15.7134 21.65546
9.551393 16.04289 21.49647
8.584668 15.99537 21.63906
8.617881 16.35519 22.06506
ID=Segmentation_14-6
LM3=6
9.175804 15.94623 26.88246
8.879556 16.00131 29.98997
7.603537 15.91338 28.35106
9.745516 16.43821 28.56352
8.738647 16.17104 28.53933
8.594388 16.53525 28.84704
ID=Segmentation_14-7
LM3=6
4.323342 5.431349 24.65781
4.087287 5.692625 27.5923
4.995997 4.467683 26.53671
3.484982 6.029361 26.12593
4.184814 5.257991 26.27864
3.885609 5.09684 26.5767
ID=Segmentation_14-11
LM3=6
4.801941 4.946681 30.44601
3.738024 5.870958 32.83603
4.862864 4.638124 32.37692
3.811051 5.609245 31.38637
4.327922 5.223163 31.91232
3.956109 5.167454 32.18021
ID=Segmentation_14-12
LM3=6
15.76748 7.869774 2.721012
15.69522 7.872347 5.635434
16.60355 8.789162 4.438976
15.57055 7.063378 4.349857
16.05112 7.879901 4.361755
16.31301 7.751 4.734683
ID=Segmentation_14-13
LM3=6
15.85415 8.816354 27.26049
15.04678 7.989219 30.01657
16.25432 9.467525 29.12248
15.36757 7.639525 28.47852
15.72907 8.52477 28.86066
15.90534 8.201442 29.25035
ID=Segmentation_14-17
LM3=6
7.096764 13.46895 7.918283
6.664917 13.09682 10.77419
6.54305 12.13954 9.449296
6.522954 14.07408 9.533723
6.601625 13.23435 9.537807
6.232706 13.11056 9.783609
ID=Segmentation_14-18
LM3=6
6.636127 13.4998 14.2721
6.189088 14.07172 17.04643
6.19434 12.75528 15.89739
6.074702 14.78887 15.33024
6.238899 13.86242 15.72109
5.798713 13.96671 16.22226
ID=Segmentation_14-19
LM3=6
5.640437 14.13651 31.73903
5.442939 14.29814 35.08029
5.225981 12.95354 33.55051
5.24875 14.99332 33.78096
5.266037 14.10038 33.6378
4.899745 14.02759 33.98098
ID=Segmentation_14-22
LM3=6
10.2378 4.784749 2.062441
10.00088 4.211494 5.012328
11.52602 4.906383 3.941241
9.482255 3.883152 3.398707
10.48587 4.391984 3.70617
10.65588 3.990185 3.999939
ID=Segmentation_14-23
LM3=6
10.39988 3.285103 20.93287
10.77311 3.532174 23.72313
11.98532 3.879493 22.24944
10.0535 2.829273 22.53647
10.86798 3.311375 22.36933
11.1964 3.065979 22.69878
ID=Segmentation_14-26
LM3=6
10.90331 3.637065 27.20714
10.9462 3.701773 30.11007
12.03774 3.953989 28.87188
10.28747 3.0352 28.81206
11.06883 3.518111 28.84883
11.17748 3.205749 29.145
ID=Segmentation_14-27
LM3=6
2.758697 12.01467 7.605635
3.2125 12.8748 10.56555
2.530383 11.29367 9.644852
3.102969 13.28305 8.923535
2.701616 12.32082 9.348782
2.378412 12.4658 9.691519
ID=Segmentation_14-28
LM3=6
3.332264 12.11969 25.63837
2.992944 11.66843 28.32808
2.652196 10.83112 26.67435
3.132393 12.6166 27.36131
2.929053 11.6937 27.05534
2.590661 11.74933 27.28784
ID=Segmentation_14-31
LM3=6
12.57605 9.137617 7.546019
12.38716 7.585703 10.11708
13.08545 9.284638 9.589001
12.59299 7.6074 8.605353
12.75959 8.305843 8.981902
13.12597 8.038564 9.34514
ID=Segmentation_16b-2
LM3=6
13.03523 8.897211 13.10445
12.41173 6.891984 15.22726
13.25999 8.668574 15.01796
12.68683 7.170748 13.52588
12.86705 7.819774 14.23007
13.21377 7.541579 14.53608
ID=Segmentation_16b-3
LM3=6
13.17225 7.846157 23.36814
12.9863 6.921583 26.68487
13.44586 8.532419 25.56474
13.28403 6.414902 25.09473
13.29804 7.545459 25.16126
13.63868 7.371039 25.67471
ID=Segmentation_16b-7
LM3=6
2.520045 14.45834 6.920596
3.573327 15.50357 9.58357
2.105275 14.16145 9.130505
3.278574 15.73285 8.018912
2.939209 15.0268 8.398414
2.540446 15.25163 8.781223
ID=Segmentation_16b-8
LM3=6
2.734083 14.42787 13.40322
3.790718 15.24583 16.14047
2.417106 14.17809 15.15289
3.666472 15.62378 14.62307
3.165878 15.03963 14.87016
2.933768 15.33566 15.38293
ID=Segmentation_16b-9
LM3=6
3.392636 14.83626 19.22833
3.905395 14.77163 22.42346
2.393349 14.21479 20.98022
4.125173 15.66972 20.7868
3.338557 14.95704 20.90662
3.008383 15.19641 21.39458
ID=Segmentation_16b-10
LM3=6
3.505042 14.04595 25.67525
4.00113 14.0128 28.54426
2.451953 13.50993 27.46273
4.277593 14.66687 27.03443
3.614155 14.18842 27.18493
3.302367 14.43148 27.80835
ID=Segmentation_16b-11
LM3=6
4.96327 15.01892 1.249132
5.312775 14.82746 4.278993
3.886247 14.35594 2.608915
5.640338 15.83401 2.672945
4.999634 15.19404 2.745874
4.593514 15.30746 3.328281
ID=Segmentation_16b-13
LM3=6
4.11259 13.21127 19.61164
6.151052 14.28644 21.34566
4.28823 13.40659 21.33823
5.605357 14.2857 19.8788
5.078201 14.00517 20.5212
5.101855 14.43725 20.87878
ID=Segmentation_16b-17
LM3=6
4.967228 13.15691 25.01491
6.594511 13.59934 27.16362
4.992893 13.08698 26.79874
6.347406 13.88418 25.69598
5.852429 13.52065 26.11596
5.795447 13.88488 26.47339
ID=Segmentation_16b-18
LM3=6
13.64179 7.621317 5.542892
13.87235 7.479213 8.710942
14.25282 8.635644 7.165303
13.84079 6.909306 7.299366
13.91572 7.535923 7.244651
14.31124 7.51236 7.633289
ID=Segmentation_16b-19
LM3=6
14.54905 9.095203 10.83385
14.51441 7.367757 13.23608
14.80814 9.259901 12.69572
14.80033 7.460197 11.7523
14.75385 8.24202 12.25054
15.16331 8.037629 12.46528
ID=Segmentation_16b-20
LM3=6
15.0581 7.701439 21.54611
15.00285 6.605742 24.28384
15.41369 8.135525 23.65592
15.15343 6.286016 22.78451
15.19495 7.09783 23.12439
15.60248 7.066488 23.40836
ID=Segmentation_16b-22
LM3=6
5.252276 15.41531 1.271121
6.137893 15.55532 3.79882
4.703332 15.08058 2.960981
6.353407 16.0846 2.374903
5.671827 15.57191 2.599802
5.53527 15.90684 2.91294
ID=Segmentation_16b-24
LM3=6
5.613286 15.09937 7.55664
5.978188 15.03463 10.54919
4.389721 14.63143 9.133257
6.254835 15.65088 9.104884
5.518893 15.25601 9.166035
5.266947 15.49739 9.615466
ID=Segmentation_16b-25
LM3=6
5.324034 14.70372 13.98751
4.607161 14.1077 16.81354
3.852873 13.88618 15.10276
5.464309 14.97836 15.87579
4.871872 14.47865 15.59728
4.340614 14.65911 15.82923
ID=Segmentation_16b-26
LM3=6
4.592081 13.90746 20.01954
5.135827 14.16438 22.76718
3.789009 13.53261 21.81046
5.278965 14.7227 21.34231
4.835565 14.16996 21.54353
4.492808 14.46758 22.00378
ID=Segmentation_16b-27
LM3=6
4.919331 13.4107 26.27728
5.145927 13.35516 29.23427
3.803776 12.92462 27.89775
5.582783 14.09317 27.92615
4.894901 13.54286 27.93709
4.536512 13.77767 28.28991
ID=Segmentation_16b-29
LM3=6
13.14329 7.487192 4.934785
12.76629 5.895435 7.315098
13.49704 7.50151 6.994504
13.03559 6.001426 5.826388
13.15501 6.620574 6.31657
13.53472 6.421496 6.666152
ID=Segmentation_16b-31
LM3=6
13.66098 5.309034 24.54652
12.10049 3.535091 26.35723
13.48792 4.714385 26.695
12.66411 3.890527 24.78848
13.0143 4.321352 25.54813
13.26263 3.864897 25.78093
ID=Segmentation_16b-35
LM3=6
13.16306 7.475594 2.420231
13.46428 6.921701 5.652514
14.22443 7.853188 3.955171
12.71471 6.397803 4.075577
13.37619 6.992725 4.081934
13.72955 6.748655 4.506862
ID=Segmentation_16c-1
LM3=6
13.64448 7.029036 9.039519
12.63059 6.155994 11.45844
14.06592 6.946248 10.84688
12.79835 5.964833 9.769188
13.31808 6.437787 10.3061
13.32919 6.070422 10.72961
ID=Segmentation_16c-3
LM3=6
13.62746 6.553933 15.44936
13.1248 5.729639 18.66514
14.38331 6.605632 17.46026
13.09211 5.312677 16.95145
13.41774 5.927409 17.118
13.86557 5.681778 17.46064
ID=Segmentation_16c-4
LM3=6
13.04904 5.711987 23.13558
13.8668 6.214461 25.90771
14.60639 6.62189 24.20957
13.16774 5.269124 24.64927
13.59348 5.895841 24.53735
14.08319 5.695545 24.97072
ID=Segmentation_16c-5
LM3=6
13.04674 5.92879 29.35563
13.66642 6.16202 32.19168
14.50885 6.640469 30.72558
12.83092 5.406812 30.94346
13.51626 5.929669 30.92851
13.84889 5.692551 31.18404
ID=Segmentation_16c-6
LM3=6
4.199896 11.85628 7.903417
4.168359 11.90664 11.07476
4.110977 10.56732 9.621496
3.625211 12.53836 9.674239
3.93326 11.82706 9.632891
3.63527 11.56335 10.01907
ID=Segmentation_16c-7
LM3=6
4.180648 11.63184 26.72114
4.074759 10.48688 29.35616
4.01966 9.910964 27.74346
3.704724 11.72411 28.52279
3.922777 10.97637 28.23736
3.554766 10.72371 28.36825
ID=Segmentation_16c-11
LM3=6
13.58474 13.08029 7.920047
13.43047 13.11335 10.99157
12.40113 13.91575 9.584248
14.24652 12.98507 9.577262
13.51473 13.27646 9.524659
13.64642 13.69466 9.881406
ID=Segmentation_16c-15
LM3=6
12.25078 13.87601 20.99502
13.04722 13.4584 23.41131
11.99937 14.31231 22.68677
13.43681 13.45704 21.91121
12.80656 13.6672 22.27056
13.00829 14.01347 22.53643
ID=Segmentation_16c-17
LM3=6
7.729878 4.664691 4.722669
7.643338 4.459946 7.998748
8.946748 3.858725 6.422212
6.800969 4.277507 6.377299
7.663363 4.234612 6.318586
7.742747 3.747702 6.792332
ID=Segmentation_16c-19
LM3=6
7.792955 4.232916 12.19549
7.313429 4.16525 14.77263
8.740823 3.930154 13.90648
6.821497 4.083392 13.49123
7.565407 4.096426 13.60792
7.661132 3.659212 13.92259
ID=Segmentation_16c-20
LM3=6
8.090252 4.032696 18.55046
8.214946 4.036496 21.17753
9.27781 4.110702 20.05186
7.408245 3.535425 19.7096
8.201853 3.881148 19.90318
8.322191 3.534958 20.27947
ID=Segmentation_16c-21
LM3=6
15.68728 6.345556 2.171934
15.51525 6.184839 4.814795
16.34776 7.287088 3.743417
15.51776 5.517831 3.585483
15.81211 6.27532 3.62174
16.15715 6.241607 3.99619
ID=Segmentation_16c-24
LM3=6
15.56528 6.75275 8.399289
15.11962 6.236878 11.18641
16.19367 7.340028 10.27069
15.18328 5.73601 9.828744
15.46656 6.37938 10.03947
15.86538 6.251575 10.30499
ID=Segmentation_16c-25
LM3=6
15.43889 7.145867 15.43083
15.04003 6.796694 18.13515
15.78465 7.695899 17.12848
15.0772 6.204314 16.85522
15.30906 6.916545 16.96671
15.66948 6.845637 17.36803
ID=Segmentation_16c-26
LM3=6
4.645103 9.210131 5.224566
4.609497 9.831523 8.040134
4.469612 8.476195 6.93953
4.264205 10.21715 6.598416
4.454749 9.491496 6.743206
4.058292 9.395672 7.073529
ID=Segmentation_16c-30
LM3=6
4.141698 9.86071 30.54057
4.01485 10.9021 33.02873
4.297922 9.220294 32.18959
3.627698 10.96027 31.53909
4.059943 10.20957 31.8627
3.559371 10.16352 32.21605
ID=Segmentation_16c-34
LM3=6
5.126743 5.960729 9.600162
4.700112 6.522609 12.50704
5.360761 5.215168 11.47134
4.298209 6.755558 10.94742
4.791743 6.149672 11.2494
4.385196 6.03706 11.61728
ID=Segmentation_16d-2
LM3=6
5.379274 5.927197 17.32348
4.854221 6.458955 20.137
5.627044 5.136979 18.99977
4.543331 6.635395 18.4571
4.972954 6.004559 18.76694
4.642309 5.910076 19.17694
ID=Segmentation_16d-3
LM3=6
5.464603 4.627751 31.22954
4.930363 5.73913 33.98523
5.611617 4.133542 33.20191
4.510921 5.653074 32.46755
5.022095 5.094488 32.74345
4.756126 5.001637 33.14105
ID=Segmentation_16d-5
LM3=6
13.6135 11.86828 6.617862
12.82619 12.33062 9.435868
12.36436 12.647 7.560252
14.01442 12.14897 8.421194
13.34004 12.38923 8.115463
13.2066 12.85191 8.381878
ID=Segmentation_16d-6
LM3=6
13.7201 12.06413 20.1727
14.4947 11.70939 23.07607
13.1116 12.42236 22.16829
14.92336 11.71777 21.53637
14.06231 11.97335 21.7747
14.28254 12.31322 22.04772
ID=Segmentation_16d-9
LM3=6
14.17301 11.77356 26.91076
14.55369 11.43435 29.72291
13.27029 12.26109 28.82616
15.14983 11.62017 28.41583
14.32712 11.80526 28.55468
14.37823 12.17334 28.82325
ID=Segmentation_16d-10
LM3=6
14.57687 11.4971 33.48699
14.70506 11.37841 36.13387
13.60479 12.05012 35.14922
15.39141 11.40228 34.96479
14.6492 11.6027 35.01104
14.71442 11.92195 35.24052
ID=Segmentation_16d-11
LM3=6
6.581326 11.53309 0.4901451
7.261614 12.01959 3.17004
5.747943 11.40737 2.062207
7.565493 12.28689 1.763487
6.839126 11.91547 1.933994
6.663386 12.2424 2.190696
ID=Segmentation_16d-12
LM3=6
6.532173 12.65722 12.87416
6.682562 12.9289 15.69459
5.463197 12.28124 14.22466
7.126257 13.38112 14.20569
6.485678 12.92004 14.27908
6.207823 13.19161 14.66911
ID=Segmentation_16d-14
LM3=6
6.199911 13.1702 20.66216
6.600359 13.10581 23.63917
5.210142 12.75974 22.64743
6.839992 13.7188 22.16119
6.211104 13.24772 22.35703
6.016392 13.51999 22.7079
ID=Segmentation_16d-15
LM3=6
6.51817 13.0532 28.2895
6.620212 13.10166 31.16687
5.367983 12.76375 29.86097
7.242889 13.58526 29.78877
6.45576 13.15936 29.80942
6.214962 13.51468 30.11151
ID=Segmentation_16d-16
LM3=6
14.09992 5.149678 5.352754
13.92316 3.899257 7.830257
14.48883 5.501482 7.308698
14.18158 3.798584 6.3589
14.20162 4.461238 6.77477
14.59981 4.403153 6.992312
ID=Segmentation_16d-17
LM3=6
14.17967 5.542459 27.03101
14.39346 5.666755 29.73425
14.67837 6.812177 28.52782
14.39194 4.912804 28.5647
14.48906 5.808277 28.52636
14.85173 5.779759 28.78808
ID=Segmentation_16d-21
LM3=6
14.45333 5.814866 33.63869
14.12405 5.001421 36.31555
14.76995 6.405879 35.29063
14.30829 4.604868 34.96429
14.43199 5.414782 35.15405
14.75187 5.2584 35.46769
ID=Segmentation_16d-22
LM3=6
15.29779 11.55913 1.712938
15.43416 11.54549 4.645521
14.78437 12.67849 3.156301
16.07438 11.20763 3.185703
15.42239 11.81978 3.249007
15.70167 12.09508 3.650252
ID=Segmentation_16d-24
LM3=6
15.19413 11.82094 8.698751
15.53237 11.5363 11.51157
14.8402 12.61208 10.37466
16.13054 11.12583 10.13848
15.53629 11.72338 10.25331
15.82618 12.00016 10.55252
ID=Segmentation_16d-25
LM3=6
14.90997 12.192 22.5398
15.42944 11.56594 25.41021
14.91193 12.93435 24.42585
15.88022 11.24833 24.05579
15.37179 11.96938 24.20742
15.70718 12.17003 24.46774
ID=Segmentation_16d-27
LM3=6
15.45403 12.0929 29.50654
15.40309 12.09266 32.09785
15.083 13.17862 30.60512
16.04396 11.64868 30.8726
15.55812 12.20953 30.79837
15.83145 12.48094 31.17198
ID=Segmentation_16d-28
LM3=6
4.933345 11.70568 6.440389
4.708013 11.82252 9.254561
4.18368 10.82673 8.030646
5.008301 12.61693 7.9052
4.771502 11.79807 8.030351
4.321828 11.82217 8.314452
ID=Segmentation_16d-29
LM3=6
3.969827 10.8879 24.94899
4.481858 11.88515 27.65835
3.875523 10.30611 26.64071
4.112873 12.24942 26.16643
4.092232 11.33733 26.45287
3.822973 11.50357 26.85741
ID=Segmentation_16d-32
LM3=6
4.092472 11.02837 31.5583
4.698438 11.95077 33.96379
3.981106 10.61871 33.17417
4.359919 12.4505 32.62985
4.262081 11.60096 32.86024
3.975794 11.79688 33.26267
ID=Segmentation_16d-33
LM3=6
5.752901 3.307064 2.134898
4.649637 4.012805 5.26495
6.442533 2.945799 4.121821
4.09388 3.950931 3.51739
5.179946 3.446048 3.846081
4.885957 3.195971 4.320196
ID=Segmentation_17b-31
LM3=6
5.761154 4.082051 22.51502
4.432744 5.409346 24.69617
5.918884 4.0264 24.41492
4.431242 4.85847 23.24842
5.220734 4.501491 23.858
4.730465 4.366268 24.18003
ID=Segmentation_17b-34
LM3=6
4.665255 5.796963 28.49877
3.975938 6.798843 30.90123
4.969529 5.366758 30.53686
3.552424 6.686327 29.52516
4.355391 6.036715 29.90386
3.954802 5.954499 30.25186
ID=Segmentation_17b-35
LM3=6
14.30765 9.865406 4.692377
14.45192 9.984597 7.627822
14.19845 11.18638 6.16273
14.9441 9.351289 6.327497
14.55196 10.19598 6.301439
14.86532 10.38658 6.541106
ID=Segmentation_17b-36
LM3=6
14.71601 9.86249 10.93372
14.77219 8.991261 14.0409
14.88049 10.7761 12.88572
15.20756 8.718403 12.22971
15.10383 9.649043 12.6619
15.39816 9.583253 13.10599
ID=Segmentation_17b-37
LM3=6
14.66277 10.45346 17.08481
14.49723 9.446886 20.23769
14.74305 11.25486 18.94885
15.06438 9.038415 18.80194
14.77768 10.15034 18.80656
15.22605 10.15443 19.37258
ID=Segmentation_17b-38
LM3=6
14.35484 10.51118 23.07536
14.29114 10.91214 26.11112
14.51376 11.94863 24.57769
14.70306 9.882157 25.10019
14.55465 10.83074 24.76396
14.89406 10.99215 25.18027
ID=Segmentation_17b-39
LM3=6
13.77676 10.96281 28.90573
13.7528 10.17218 31.94288
14.18136 11.83764 30.81672
14.08247 9.59698 30.6128
13.9039 10.70179 30.58261
14.50633 10.62204 30.9711
ID=Segmentation_17b-40
LM3=6
14.10995 13.00136 1.742175
14.38293 13.01104 4.881983
13.46245 13.90862 3.097841
15.14648 12.69464 3.172592
14.34854 13.09783 3.421959
14.58663 13.49338 3.763669
ID=Segmentation_18b-1
LM3=6
13.85493 13.30937 21.36747
14.10213 12.98863 24.48962
12.94403 14.13273 22.91848
14.90522 12.88619 22.56933
13.97128 13.37358 22.94643
14.27323 13.66595 23.44795
ID=Segmentation_18b-12
LM3=6
8.930053 3.639965 11.65848
8.557224 3.55576 14.61688
10.09689 3.61758 13.45519
8.050109 3.017139 12.97993
8.955306 3.439863 13.12959
8.953169 2.981392 13.67024
ID=Segmentation_18b-15
LM3=6
8.696416 3.706066 17.65074
9.600835 3.570673 20.79848
10.41617 3.620491 18.81178
8.501511 3.185743 19.76995
9.39537 3.46786 19.14637
9.529149 3.006207 19.65432
ID=Segmentation_18b-17
LM3=6
9.662684 3.482429 23.86535
9.158272 3.159858 26.9215
10.6217 3.896243 25.624
8.913033 2.537645 25.28332
9.714601 3.238449 25.46403
9.868407 2.858788 25.89607
ID=Segmentation_18b-18
LM3=6
11.89991 15.46063 19.56318
11.93575 15.52399 22.58304
10.61828 15.93148 21.09499
12.67401 15.67077 21.28831
11.63874 15.74316 21.19306
11.76983 16.09371 21.65763
ID=Segmentation_18b-45
LM3=6
11.96775 15.84127 25.81996
11.97883 15.87126 28.5304
10.79567 16.12589 27.26054
12.77214 16.10621 27.16583
11.83073 16.07527 27.21749
11.87539 16.43169 27.69553
ID=Segmentation_18b-46
LM3=6
4.787764 6.048869 5.120755
4.656027 6.574718 8.178453
5.70278 5.538227 6.740589
3.799383 6.433528 6.506899
4.7346 6.01111 6.652935
4.586576 5.771383 7.210165
ID=Segmentation_18b-47
LM3=6
5.079303 6.279259 11.57092
4.205223 6.91842 14.04028
5.559116 5.778103 12.99296
3.921266 6.724284 12.69628
4.717871 6.395589 12.839
4.395493 6.099798 13.24398
ID=Segmentation_18b-48
LM3=6
5.460372 6.204845 23.60845
4.849656 6.96234 26.14022
5.859848 5.893826 25.5207
4.358858 6.622941 24.44612
5.082842 6.321908 24.94273
4.72858 6.1837 25.38672
ID=Segmentation_18b-50
LM3=6
12.81433 6.303122 0.792539
12.5185 5.599533 3.935286
14.13845 6.340088 2.911692
12.18614 5.07761 2.241203
13.06542 5.789258 2.655797
13.26571 5.442029 2.767587
ID=Segmentation_18c-1
LM3=6
5.224132 13.41013 5.671521
5.596168 13.53938 8.762164
4.945784 12.05082 7.716363
5.138102 14.30989 7.522677
5.135844 13.16978 7.46614
4.763278 13.30774 7.79762
ID=Segmentation_18c-6
LM3=6
6.272501 12.52069 21.22148
6.610253 13.81095 24.63487
5.821773 11.98274 23.76721
6.341517 14.14673 22.48072
6.160459 13.00384 23.13715
5.800648 13.39911 23.70658
ID=Segmentation_18c-8
LM3=6
6.323852 13.01674 28.66594
6.324017 13.15048 31.83468
5.932528 11.66678 30.48404
6.240556 13.88522 30.45388
6.195971 12.84654 30.36048
5.72385 12.94437 30.70472
ID=Segmentation_18c-9
LM3=6
6.265042 12.62737 33.92631
6.897298 13.75086 37.19818
5.935621 12.16388 36.23602
6.390121 14.02727 35.0382
6.337585 12.97417 35.72621
5.982811 13.20378 36.20376
ID=Segmentation_18c-10
LM3=6
16.42322 15.58558 10.2425
16.64038 14.98441 13.8616
15.91272 16.2883 12.21736
17.58719 14.71549 12.20723
16.65936 15.41229 12.23197
16.99108 15.58948 12.76393
ID=Segmentation_18c-12
LM3=6
15.97925 14.86889 31.50713
16.84779 13.59451 34.17253
15.93047 14.96783 33.77204
17.19127 13.68705 32.50279
16.45756 14.28156 33.09317
16.8838 14.32636 33.35027
ID=Segmentation_18c-15
LM3=6
9.45612 8.058081 6.401798
8.57818 8.202812 9.300419
10.21685 7.403456 8.356792
8.147334 8.138946 7.350608
9.136114 7.80843 7.916521
8.813931 7.53663 8.445564
ID=Segmentation_18c-16
LM3=6
9.230995 7.459121 12.63632
8.351646 7.587418 15.64249
9.874504 6.87269 14.2416
7.75447 7.52584 14.02825
8.831528 7.297699 14.23555
8.608444 6.9125 14.62316
ID=Segmentation_18c-17
LM3=6
9.163322 6.631554 24.49794
7.6423 6.704894 27.68004
9.3364 5.964169 26.70223
7.596563 6.621653 25.91141
8.452296 6.48295 26.21141
8.085879 6.04007 26.68028
ID=Segmentation_18c-19
LM3=6
8.28229 6.357097 31.40731
8.650654 6.218799 34.70453
9.992537 6.004414 32.99632
7.633101 5.845271 33.18952
8.763117 6.070097 33.11028
8.838624 5.661063 33.58858
ID=Segmentation_18c-20
LM3=6
14.27608 16.55662 1.914263
14.86293 15.94173 5.015177
13.67221 17.37492 4.065214
15.33779 15.88024 3.339041
14.52756 16.49724 3.702259
14.95131 16.74533 4.073485
ID=Segmentation_18c-21
LM3=6
14.18688 16.21915 8.891882
14.85297 15.58959 12.11689
13.61048 16.841 10.81738
15.54709 15.83345 10.21394
14.56095 16.20944 10.59586
14.88771 16.48135 11.14951
ID=Segmentation_18c-22
LM3=6
14.46193 15.05687 21.75169
14.30489 15.12562 24.97608
13.63531 15.95557 23.20924
15.45848 14.63352 23.40794
14.57425 15.22307 23.39524
14.80773 15.49125 23.93852
ID=Segmentation_18c-24
LM3=6
13.74074 15.55103 28.72499
14.65694 14.57656 31.52244
13.4583 16.08996 30.27069
15.21063 14.74648 30.08462
14.2857 15.32064 30.17555
14.62478 15.50169 30.60921
ID=Segmentation_18c-25
LM3=6
7.988555 8.061365 5.101021
7.308569 8.036343 8.313953
8.911085 7.404003 7.166917
6.678399 7.934032 6.585523
7.848074 7.738229 6.906966
7.637434 7.390279 7.190643
ID=Segmentation_18c-26
LM3=6
8.170617 7.440194 11.07626
7.017271 7.48018 14.02392
8.816693 6.924185 12.9903
6.862427 7.346182 12.04086
7.757584 7.176292 12.66257
7.359024 6.841256 13.02334
ID=Segmentation_18c-27
LM3=6
7.987441 6.893309 17.78078
6.551503 7.044628 20.75211
8.274643 6.377372 20.10367
6.191797 6.845253 18.97448
7.301358 6.701166 19.56305
7.014594 6.276083 19.81899
ID=Segmentation_18c-28
LM3=6
7.657511 6.337494 24.52631
6.192524 6.734422 27.23782
8.014403 6.024727 26.5416
6.197808 6.498899 25.5661
7.008713 6.236396 26.07745
6.744008 5.914536 26.45099
ID=Segmentation_18c-29
LM3=6
6.464692 6.241692 30.83465
7.149767 5.908993 33.70391
8.152143 5.578292 32.25035
5.851668 5.81415 32.39703
6.983269 5.818872 32.28706
7.055078 5.365905 32.59642
ID=Segmentation_18c-30
LM3=6
8.868732 14.90302 20.29449
10.18151 14.76514 23.39781
8.157739 15.15132 22.3301
10.34223 15.31562 21.37433
9.568354 15.10315 21.80681
9.513259 15.56004 22.43636
ID=Segmentation_20a-4
LM3=6
9.428185 14.67505 25.83028
11.43313 14.08719 28.79414
9.074992 14.67059 28.39881
11.18729 14.59271 26.93196
10.55483 14.57013 27.37623
10.52474 15.01125 27.95887
ID=Segmentation_20a-5
LM3=6
11.93993 6.22287 5.724095
11.35006 4.906553 8.730415
12.65935 6.394794 7.831187
11.35884 4.525054 6.875736
11.78086 5.403427 7.366755
12.17664 5.035958 7.61997
ID=Segmentation_20a-6
LM3=6
14.58225 3.820546 31.34856
13.9912 3.002057 35.12016
15.75596 3.84665 33.75516
13.65958 2.346957 33.04078
14.47076 3.151127 33.3848
14.77403 2.675989 33.83749
ID=Segmentation_20a-11
LM3=6
13.12375 13.26376 1.199294
14.09379 12.81511 4.884894
12.64809 14.10715 3.680435
14.58968 12.96453 2.725237
13.73226 13.18346 3.077481
14.0057 13.57995 3.645699
ID=Segmentation_20a-12
LM3=6
12.93252 13.82072 7.616022
13.5152 13.6229 11.0816
12.19371 14.65343 9.73621
14.32707 13.52685 9.368249
13.29354 13.7777 9.580505
13.50141 14.31689 9.950559
ID=Segmentation_20a-13
LM3=6
11.89516 14.48748 20.46045
11.73202 14.44837 23.72278
10.61212 15.38469 21.96422
12.93041 14.45164 22.25398
11.85624 14.71264 22.17005
11.91337 15.16908 22.74794
ID=Segmentation_20a-15
LM3=6
11.51825 14.4553 26.22839
10.57652 14.72608 29.61786
9.980088 15.64655 27.61415
11.92757 14.33536 28.36452
11.03633 14.73625 28.0729
11.08957 15.30766 28.54415
ID=Segmentation_20a-17
LM3=6
11.45973 2.521898 6.733128
11.12316 2.678311 10.13473
12.78753 3.128631 8.758845
10.77543 2.091137 8.521539
11.41254 2.47688 8.632364
11.78759 2.045426 9.201872
ID=Segmentation_20a-19
LM3=6
10.02775 3.239696 19.44679
7.89652 3.659641 22.468
10.33514 3.062282 21.9916
8.103025 3.165179 20.6129
8.857273 3.236518 21.15298
8.654046 2.689904 21.71746
ID=Segmentation_20a-21
LM3=6
8.88227 3.547767 24.89668
8.408752 4.015706 28.80501
9.763909 3.649318 27.08698
7.57967 3.179212 26.90558
8.583527 3.52565 27.05723
8.8287 2.905063 27.594
ID=Segmentation_20a-22
LM3=6
7.965061 4.089812 32.27238
7.675969 4.224577 35.24831
9.226933 4.092458 33.95472
7.011052 3.814418 33.71457
7.877537 3.934804 33.86221
8.088564 3.552438 34.30647
ID=Segmentation_20a-24
LM3=6
8.135767 2.624206 0.4283142
8.097375 2.432931 4.218598
9.715777 2.51183 2.414886
7.454052 2.080295 2.33743
8.059388 2.320185 2.395191
8.509751 1.810658 2.85905
ID=Segmentation_20a-25
LM3=6
8.238201 2.219557 7.172053
7.728522 2.355439 10.04115
9.135172 1.92132 9.061001
7.270108 2.19809 8.545691
8.031351 2.123439 8.700415
7.989332 1.719722 9.010626
ID=Segmentation_20a-26
LM3=6
8.809424 2.95096 20.17151
8.76972 2.95398 22.99347
9.886848 2.516451 21.63289
7.849765 2.906195 21.67356
8.70445 2.792303 21.73012
8.770596 2.34593 22.01476
ID=Segmentation_20a-28
LM3=6
4.836817 13.02736 5.630506
5.42256 12.9753 8.767424
4.012506 12.20823 7.499815
5.431691 13.85948 7.336167
4.932061 13.12952 7.377462
4.582383 13.20669 7.805612
ID=Segmentation_20a-30
LM3=6
13.8028 7.848156 11.2943
13.73907 7.031975 14.01433
14.3408 8.411168 13.08461
13.96312 6.648409 12.74532
13.97482 7.444373 12.79252
14.39869 7.379958 13.1261
ID=Segmentation_20a-31
LM3=6
5.600921 13.56302 17.08314
6.467275 14.10067 20.22556
4.805379 13.26782 18.91162
6.595568 14.70805 18.43615
5.865484 13.88821 18.6482
5.542173 14.32834 19.32694
ID=Segmentation_20a-32
LM3=6
6.063074 13.69671 22.65345
6.822488 13.79275 25.41051
5.428032 13.064 24.36552
6.927553 14.50041 24.07847
6.229992 13.81653 24.18008
6.11847 14.07623 24.77659
ID=Segmentation_20a-33
LM3=6
7.224233 13.53725 28.3442
8.604569 14.09924 31.28886
6.805536 13.47577 30.52354
8.517964 14.59559 29.42365
7.902926 14.09939 29.8913
7.843372 14.5261 30.44378
ID=Segmentation_20a-34
LM3=6
13.61429 16.12583 1.82443
14.14048 15.63056 5.327136
12.48591 16.78177 4.219903
14.89898 15.66864 3.077704
13.65968 16.21029 3.691969
13.96197 16.52417 4.187391
ID=Segmentation_22b-1
LM3=6
13.48256 15.75717 8.214639
14.09783 14.95926 11.90227
12.57401 16.43149 10.17032
15.11153 15.22596 9.561602
13.88389 15.67272 10.02371
14.10398 16.05482 10.72022
ID=Segmentation_22b-2
LM3=6
12.72993 15.4339 15.37734
14.4335 14.43769 17.53561
12.82763 15.72132 17.5838
14.36767 14.93311 16.07823
13.59318 15.09707 16.72418
14.07637 15.46493 17.08176
ID=Segmentation_22b-3
LM3=6
12.47043 15.46592 21.53398
14.09143 14.45276 24.61754
12.56171 15.86737 23.59439
14.12118 14.74061 22.85247
13.29754 15.15323 23.23385
13.78127 15.46448 23.72209
ID=Segmentation_22b-4
LM3=6
14.12594 14.35805 28.60675
13.469 14.63653 32.05112
12.7454 15.38321 30.01925
14.84448 14.3775 30.71139
13.86408 14.7229 30.46491
13.8526 15.24088 31.01286
ID=Segmentation_22b-5
LM3=6
8.228301 6.962816 5.351234
8.393983 6.479253 8.663888
9.67566 6.437371 7.030934
7.198591 6.394425 6.926695
8.443893 6.549285 7.010231
8.473211 6.002566 7.530972
ID=Segmentation_22b-6
LM3=6
8.496876 6.021547 12.69691
7.436515 6.047108 15.1446
9.229218 5.651379 14.39025
7.118845 5.923458 13.70635
8.169488 5.90619 13.95142
7.995568 5.490067 14.32338
ID=Segmentation_22b-7
LM3=6
8.116536 5.656388 19.21992
8.7779 5.344798 22.60859
9.759339 5.325881 20.97628
7.692281 4.970244 21.01772
8.670974 5.269506 21.02023
8.717336 4.715583 21.25995
ID=Segmentation_22b-8
LM3=6
8.931494 5.33192 25.94996
7.372889 5.018213 28.84653
9.198541 4.830323 28.14686
7.103567 4.775551 27.08892
8.119408 4.954458 27.5693
8.029455 4.50178 27.84083
ID=Segmentation_22b-9
LM3=6
16.92272 9.549495 8.181417
17.06663 8.858355 11.31016
17.17137 10.66871 10.24955
17.42804 8.482063 9.808106
17.16877 9.532177 9.9108
17.65755 9.452378 10.30151
ID=Segmentation_22b-12
LM3=6
17.46325 10.23118 21.75552
17.39891 9.590333 24.77796
17.65909 11.19068 23.20908
17.78907 9.039858 23.10302
17.61196 10.1304 23.27419
18.03765 9.995627 23.79903
ID=Segmentation_22b-14
LM3=6
17.2843 11.049 28.17718
17.45252 10.2454 31.78106
17.91908 11.96278 30.30886
17.86267 9.354959 29.95204
17.61741 10.59338 30.0774
18.12834 10.38599 30.54767
ID=Segmentation_22b-15
LM3=6
6.307982 5.457096 7.519407
6.977704 5.298911 10.69759
7.63044 4.470014 8.816679
5.576123 5.6131 9.514451
6.622628 5.147529 9.197553
6.602903 4.752098 9.58582
ID=Segmentation_22b-16
LM3=6
6.385897 6.381053 28.3481
6.087572 6.758125 31.33367
7.464721 5.430314 30.34767
5.576887 6.755989 29.86268
6.603882 6.267732 30.02726
6.046719 5.935293 30.45769
ID=Segmentation_22b-19
LM3=6
7.133002 6.280447 34.40174
5.811301 7.629457 37.37428
6.949247 5.843144 36.85049
5.671417 7.607859 35.64122
6.390516 6.752799 36.18213
5.897759 6.607347 36.43402
ID=Segmentation_22b-20
LM3=6
17.33292 11.39195 9.012278
17.58326 10.9578 12.0405
17.39135 12.47589 10.80078
17.91483 10.51161 10.34762
17.56207 11.38764 10.62462
17.99263 11.47639 11.02979
ID=Segmentation_22b-22
LM3=6
7.097127 6.349318 6.536749
7.028749 6.509296 9.617251
8.078358 5.380893 8.51259
6.334119 6.577454 8.079432
7.186984 6.092847 8.212579
6.78749 5.815823 8.615593
ID=Segmentation_22b-26
LM3=6
7.689248 6.077622 12.65665
6.820552 6.961488 15.41741
8.135464 5.621551 15.0375
6.485057 6.768558 13.81492
7.438473 6.308032 14.34842
6.882437 6.029804 14.68974
ID=Segmentation_22b-27
LM3=6
7.53787 6.917244 18.60092
6.691018 7.71411 21.95296
7.879947 6.258059 20.95584
6.243917 7.500799 19.89543
7.083449 7.03771 20.42943
6.757851 6.760694 21.02246
ID=Segmentation_22b-28
LM3=6
7.337533 7.271057 25.20345
7.465822 6.766576 28.17441
8.620083 5.941976 27.0451
6.64227 7.561612 27.0214
7.471386 7.046593 26.86725
7.208151 6.389705 27.31409
ID=Segmentation_22b-29
LM3=6
7.592433 7.095444 31.55473
7.182843 7.55191 35.16627
8.342302 6.399073 33.34612
6.322519 7.709438 32.92834
7.315543 7.007179 33.27502
6.922393 6.780703 33.88062
ID=Segmentation_22b-30
LM3=6
12.77791 13.92761 1.480466
12.93111 13.80309 4.443043
11.65458 14.52461 3.150553
13.66203 13.83127 3.052966
12.87357 14.02717 3.124173
12.93792 14.47085 3.47172
ID=Segmentation_22c-2
LM3=6
12.48475 13.63743 7.446079
12.46562 13.5186 10.43685
11.46751 14.21043 8.946946
13.39093 13.58807 9.084574
12.53572 13.71602 9.118795
12.59075 14.15771 9.41049
ID=Segmentation_22c-3
LM3=6
12.73798 13.23333 12.92751
12.6191 13.06805 16.00511
11.29762 13.79759 14.69882
13.55737 13.13905 14.66518
12.62941 13.31568 14.74006
12.66305 13.70157 14.97109
ID=Segmentation_22c-4
LM3=6
12.49217 12.92299 18.83127
12.5775 12.64226 22.05501
11.37861 13.48633 20.48189
13.5731 12.76023 20.56223
12.58821 13.01928 20.52304
12.71825 13.34444 21.0158
ID=Segmentation_22c-5
LM3=6
13.05521 12.12343 25.04209
12.6612 12.60575 28.12285
12.04872 13.31367 26.17029
13.75016 12.03848 26.57252
12.78813 12.62598 26.68912
13.05437 12.93357 26.99356
ID=Segmentation_22c-7
LM3=6
4.499693 5.504062 4.370015
4.166741 5.767714 7.625926
5.108857 4.473473 6.076892
3.648103 6.123878 5.932091
4.23672 5.660289 6.014973
3.913248 5.133059 6.512124
ID=Segmentation_22c-8
LM3=6
3.313221 5.403585 15.8335
3.426871 5.332904 18.63683
4.008838 4.172796 17.0889
2.700993 5.83951 17.37656
3.341739 5.134708 17.31242
3.068457 4.851223 17.61581
ID=Segmentation_22c-10
LM3=6
3.214676 5.517156 21.93225
3.308441 5.10589 25.3156
3.589041 4.0381 23.73548
2.557185 6.0725 23.95815
3.171365 5.173563 23.72885
2.74496 4.833289 24.13942
ID=Segmentation_22c-11
LM3=6
3.164711 5.053241 28.28314
3.109632 4.927502 31.59879
3.797204 3.784316 29.82952
2.44889 5.632165 30.15537
3.10409 4.86705 29.9511
2.689245 4.586001 30.38309
ID=Segmentation_22c-12
LM3=6
7.789338 15.43206 6.363657
8.556927 15.61384 9.032276
6.939895 15.25704 8.25351
8.636324 16.00041 7.626657
7.979477 15.62893 7.886114
7.903121 16.04439 8.336877
ID=Segmentation_22c-15
LM3=6
8.401674 15.69489 11.99655
8.208179 15.39497 15.02165
6.735652 15.30422 13.65613
8.915301 16.02245 13.81135
7.99928 15.72243 13.66545
7.855944 16.06685 13.92874
ID=Segmentation_22c-16
LM3=6
8.040303 15.70048 17.11964
7.941127 15.71484 20.00608
6.851086 15.5756 18.30354
8.744127 16.34126 18.58149
7.807094 15.86957 18.47743
7.610589 16.28892 19.08908
ID=Segmentation_22c-17
LM3=6
11.33584 5.546998 5.598375
11.72288 5.717756 8.241632
12.50199 6.414962 6.865551
11.14792 5.009051 7.192268
11.67566 5.596847 7.018257
12.07171 5.409868 7.19615
ID=Segmentation_22c-18
LM3=6
12.04038 5.97279 10.80088
11.74142 5.519742 13.32104
12.8372 6.604064 12.27466
11.66663 5.110113 12.0139
12.01572 5.811351 12.19049
12.38676 5.521985 12.46563
ID=Segmentation_22c-19
LM3=6
12.26648 6.19782 15.89131
11.84505 5.601776 18.7049
12.91907 6.826054 17.66113
11.86087 5.016588 17.27206
12.15161 5.87079 17.48904
12.57845 5.611353 17.79677
ID=Segmentation_22c-20
LM3=6
7.332323 16.00037 0.6590539
8.121197 15.98017 3.745952
6.47999 15.87315 2.607796
8.373703 16.61915 2.213299
7.707268 16.23022 2.341157
7.49345 16.60141 2.791171
ID=Segmentation_23p-1
LM3=6
6.66326 14.67616 22.0942
7.620145 15.10001 25.04972
6.067883 14.87916 24.26025
8.006067 15.19463 23.40306
7.253264 14.92153 23.72032
7.292036 15.51169 24.14098
ID=Segmentation_23p-4
LM3=6
7.332747 14.83314 29.39338
7.880906 14.90628 32.29713
6.056014 14.74257 30.92615
8.298953 15.16019 30.79088
7.551433 14.95765 30.77626
7.205743 15.45462 31.48586
ID=Segmentation_23p-5
LM3=6
10.51243 6.135836 3.659383
9.231417 4.992596 6.264538
11.08242 6.131505 5.856359
9.607108 5.15905 4.517632
10.195 5.706429 4.869592
10.34312 4.965471 5.531535
ID=Segmentation_23p-7
LM3=6
10.57861 5.651852 9.986853
9.781992 4.596528 12.65207
11.15872 5.604266 11.96149
9.976927 4.438406 10.91596
10.26475 4.904608 11.33714
10.5365 4.546116 11.78613
ID=Segmentation_23p-8
LM3=6
9.995219 3.760012 31.11628
10.21697 3.885602 34.46619
10.90317 4.965618 32.66094
10.14028 2.860244 33.24633
10.32918 3.641603 33.03093
10.90625 3.867328 33.27985
ID=Segmentation_23p-11
LM3=6
15.1176 10.04586 20.73143
15.56306 9.38469 23.68663
15.19792 10.98588 22.6624
15.99638 9.363101 22.12423
15.43642 9.753275 22.30554
16.02953 10.05291 22.82044
ID=Segmentation_23p-15
LM3=6
6.212679 2.260455 6.857986
5.651552 2.475274 10.01467
7.100797 1.935939 8.968631
4.938558 2.220407 8.408601
5.812339 2.240094 8.501127
5.777041 1.869298 9.089674
ID=Segmentation_23p-17
LM3=6
6.687497 2.305136 13.24196
6.036561 2.721319 15.80726
7.568119 2.316612 15.00063
5.694106 2.59419 14.41033
6.603798 2.566683 14.59767
6.361185 2.092626 14.85461
ID=Segmentation_23p-18
LM3=6
6.783123 2.897385 18.73398
6.372711 3.111269 21.5292
7.771716 2.68929 20.42728
5.881748 2.881953 19.91439
6.482481 2.806391 20.18086
6.509757 2.458632 20.63479
ID=Segmentation_23p-19
LM3=6
6.984262 2.901188 25.0467
6.374733 3.225919 28.3354
8.001008 2.450553 27.13605
5.866095 2.846419 26.53052
6.601627 2.846975 26.72183
6.623644 2.414748 27.17465
ID=Segmentation_23p-20
LM3=6
6.518036 3.285253 31.85081
6.646343 3.231467 34.89733
7.510372 2.749817 33.55164
5.513141 3.427679 33.49872
6.453425 3.110268 33.52327
6.389364 2.683221 33.86245
ID=Segmentation_23p-21
LM3=6
16.83587 10.97361 2.217327
16.79635 10.84312 5.328065
16.44689 12.12252 4.118431
17.46968 10.34118 3.823028
16.90839 10.94569 3.910447
17.29016 11.25245 4.253098
ID=Segmentation_23p-22
LM3=6
15.26439 11.70431 15.17372
15.18573 11.4232 17.8264
14.66113 12.78834 16.56245
15.83221 11.13222 16.51651
15.35986 11.66702 16.56799
15.5582 12.04349 16.88996
ID=Segmentation_23p-24
LM3=6
14.70888 12.11105 21.41543
14.94497 11.71555 24.25631
14.33688 13.01151 23.29645
15.58878 11.36954 22.91317
14.95596 11.94384 23.00369
15.27277 12.31454 23.3813
ID=Segmentation_23p-25
LM3=6
15.07801 11.28808 28.40882
15.27169 10.72856 31.60332
14.7816 12.15957 30.67033
15.94071 10.35117 29.98382
15.40921 11.09149 30.1873
15.70741 11.30156 30.60716
ID=Segmentation_23p-26
LM3=6
8.09472 6.129092 5.492381
6.571329 6.875175 8.068402
7.935089 5.727765 7.678838
6.62367 6.960894 6.438749
7.208201 6.432721 6.925022
6.838235 6.086205 7.278131
ID=Segmentation_23p-27
LM3=6
6.794767 6.360836 11.28637
6.60111 6.120482 14.25947
7.846368 5.404575 12.9848
5.775777 6.414676 12.85257
6.693241 6.127297 12.866
6.532971 5.637385 13.1845
ID=Segmentation_23p-28
LM3=6
6.649609 5.574587 22.81771
5.225207 5.833071 24.93452
6.860017 5.314026 24.56404
5.438203 5.633741 23.7804
6.018322 5.595047 24.17853
5.729396 5.251102 24.4118
ID=Segmentation_23p-30
LM3=6
6.496131 15.49226 0.8495154
5.690933 15.21301 3.461401
5.11561 14.97453 1.647881
6.681983 15.91611 2.337087
6.047848 15.55024 2.131647
5.57953 15.67079 2.450125
ID=Segmentation_24ab-1
LM3=6
7.065442 15.44637 5.913989
6.425394 15.05604 8.854059
5.519467 15.20844 6.909808
7.464554 15.62224 7.910178
6.652277 15.46925 7.533479
6.341167 15.69364 7.795809
ID=Segmentation_24ab-2
LM3=6
6.574242 14.71186 12.614
6.960652 14.47253 15.27105
5.444104 14.40784 13.92024
7.575026 14.97558 14.04548
6.658746 14.73995 14.07713
6.439123 15.00687 14.41206
ID=Segmentation_24ab-3
LM3=6
5.162038 13.84374 19.21806
7.659623 13.93402 20.99489
5.7653 13.97516 21.34365
7.143154 14.18906 19.59584
6.560826 14.13987 20.23332
6.728634 14.51378 20.63144
ID=Segmentation_24ab-4
LM3=6
6.538522 13.80153 26.01324
6.489591 13.80491 29.39631
4.887008 13.63868 27.85692
7.331185 14.33733 27.81233
6.461738 14.02267 27.80531
6.084317 14.33431 28.21355
ID=Segmentation_24ab-6
LM3=6
13.67761 7.092199 6.038599
12.2826 5.406675 8.259165
13.76712 6.777904 8.224889
12.69245 5.481706 6.626885
13.04208 6.071759 7.252913
13.3175 5.709575 7.58663
ID=Segmentation_24ab-7
LM3=6
13.25283 6.218801 11.95611
11.71076 4.638378 14.06884
13.32314 5.840929 14.06816
12.23074 4.761452 12.5829
12.58057 5.150112 13.13368
12.77902 4.786311 13.50514
ID=Segmentation_24ab-8
LM3=6
12.54891 5.293538 18.2243
11.84234 4.462872 22.13309
13.29037 5.827513 20.59506
11.62696 3.97138 20.04183
12.23594 4.744213 20.22904
12.58531 4.462695 20.96042
ID=Segmentation_24ab-9
LM3=6
11.67518 4.350217 25.35576
11.28294 4.075264 28.65026
12.82817 4.753056 27.2184
10.99443 3.62142 26.95011
11.5919 4.221452 27.0098
11.87466 3.775971 27.51922
ID=Segmentation_24ab-10
LM3=6
11.86429 9.660209 1.514717
11.49432 10.79386 5.17892
11.53895 11.52947 3.210007
12.3014 9.609951 3.721353
11.86487 10.30409 3.564315
12.22827 10.63284 3.945291
ID=Segmentation_24ab-12
LM3=6
11.43349 11.89205 22.6345
12.25288 10.48712 25.1176
11.41538 12.30728 24.42654
12.41316 10.69743 23.47614
12.02663 11.42788 23.98495
12.40065 11.31019 24.27394
ID=Segmentation_24ab-16
LM3=6
11.00964 12.50781 29.21682
12.65852 10.62998 31.15794
11.39534 12.40579 31.12188
12.28986 11.23829 29.48541
11.93368 11.68818 30.21375
12.52295 11.74993 30.62113
ID=Segmentation_24ab-17
LM3=6
4.893465 4.670084 7.29122
5.563515 4.574421 10.19573
6.173716 3.849557 8.678607
4.429564 4.86678 8.99183
5.18732 4.528383 8.848015
5.101582 4.147915 9.122032
ID=Segmentation_24ab-18
LM3=6
6.468534 5.311199 25.52715
5.179354 6.108706 28.27234
6.561064 4.990783 27.54865
5.02496 5.741261 26.69902
5.740723 5.487908 27.13877
5.417782 5.250605 27.57879
ID=Segmentation_24ab-21
LM3=6
5.57301 5.745729 31.79522
5.776339 5.71375 34.73071
6.698761 4.957272 33.12052
4.9503 5.808392 33.30056
5.635182 5.503778 33.2922
5.611049 5.125779 33.75111
ID=Segmentation_24ab-22
LM3=6
12.22263 4.905435 1.720533
11.91992 4.846992 5.391229
13.4829 5.637241 3.797221
11.48316 4.014402 3.518054
12.28731 4.716831 3.648701
12.57606 4.501268 4.160424
ID=Segmentation_24ab-23
LM3=6
12.72768 5.666357 8.322639
12.84507 6.10259 11.57476
14.14239 6.53434 10.09002
12.27225 5.075811 10.34769
12.9833 5.66104 10.20185
13.37306 5.477113 10.51093
ID=Segmentation_24ab-24
LM3=6
12.49144 6.122106 13.92658
12.24858 6.419754 17.29292
13.59943 7.250788 15.61207
12.20226 5.505 15.74358
12.7305 6.157013 15.74722
13.05973 6.168995 16.28444
ID=Segmentation_24ab-25
LM3=6
11.82065 6.307023 20.49918
12.60663 7.640824 23.62901
13.14668 7.786267 21.37507
12.05811 6.088465 22.55022
12.53381 6.870658 22.05066
13.01652 6.976146 22.48843
ID=Segmentation_24ab-26
LM3=6
6.144001 4.339787 7.087072
5.378913 4.879742 10.38093
7.048255 4.073204 9.317262
4.861434 4.473421 8.966451
5.82825 4.322478 9.094329
5.743706 4.031343 9.529706
ID=Segmentation_24ab-30
LM3=6
5.916306 5.052919 20.19792
4.234993 6.151196 22.2631
6.008242 5.116084 22.04999
4.309729 5.715526 20.81492
5.02024 5.38605 21.37554
4.675311 5.283143 21.79826
ID=Segmentation_24ab-32
LM3=6
4.936486 5.822132 26.13165
4.889521 6.215956 28.9433
5.901803 5.350972 27.48086
4.034326 6.218948 27.65598
4.819517 5.879246 27.50913
4.734472 5.595695 28.05173
ID=Segmentation_24ab-33
LM3=6
10.16275 15.61793 8.036139
11.33125 14.51469 10.23773
9.933227 15.70461 9.814342
11.37945 14.94074 8.806774
10.74292 15.24975 9.345323
11.12528 15.34179 9.689238
ID=Segmentation_25c-2
LM3=6
9.645401 15.04543 14.38485
10.51565 14.14337 16.79752
9.165286 15.33094 16.27182
10.87134 14.41887 15.48673
10.00478 14.847 15.80564
10.37252 14.99594 16.10471
ID=Segmentation_25c-3
LM3=6
9.262728 14.64919 20.28883
9.978839 13.63529 23.37701
8.576413 14.94241 22.16823
10.36739 14.11571 21.79583
9.641108 14.3637 22.01058
9.857695 14.68046 22.53904
ID=Segmentation_25c-4
LM3=6
11.06803 4.119959 10.43772
10.62969 3.717865 13.14628
11.84068 4.555713 12.31062
10.45229 3.29692 11.80676
11.14515 3.933792 11.90424
11.33974 3.62116 12.23834
ID=Segmentation_25c-7
LM3=6
11.1761 3.972389 16.51729
10.13287 3.021292 19.22326
11.5945 4.025101 18.54352
10.2725 2.712564 17.67612
10.8737 3.300815 18.11323
10.99928 3.009526 18.4977
ID=Segmentation_25c-8
LM3=6
10.98615 3.645127 22.56877
9.485878 2.497283 24.87589
11.10327 3.589254 24.63641
10.04733 2.589655 23.33733
10.51447 2.939867 23.87865
10.51692 2.541585 24.2467
ID=Segmentation_25c-9
LM3=6
11.02853 3.505029 0.8637396
9.691247 3.305964 3.278563
11.53548 3.335669 2.905631
9.712955 3.069066 1.805549
10.53884 3.284217 2.302869
10.43063 2.903984 2.544927
ID=Segmentation_25c-11
LM3=6
10.69992 3.008981 6.011907
9.511714 2.788335 8.89461
11.32012 2.715562 8.225905
9.466572 2.58778 7.317544
10.44124 2.68598 7.836039
10.28595 2.238796 8.104047
ID=Segmentation_25c-12
LM3=6
10.35691 2.449014 11.70818
9.167718 2.322634 14.14988
10.8582 2.211808 13.61815
9.062686 2.128085 12.81455
9.929795 2.170829 13.20045
9.875738 1.794512 13.40151
ID=Segmentation_25c-13
LM3=6
9.397333 2.021331 18.52027
9.244816 1.865427 21.07891
10.64384 2.029533 19.97046
8.806369 1.549116 19.75417
9.687837 1.831951 19.9101
9.722278 1.431283 20.13478
ID=Segmentation_25c-14
LM3=6
9.214428 1.733892 23.79829
9.359815 1.861312 26.76955
10.54604 1.93257 25.4033
8.764045 1.345797 25.4801
9.44527 1.606327 25.44479
9.692275 1.28632 25.7662
ID=Segmentation_25c-15
LM3=6
5.793092 13.37731 4.722461
6.181195 13.97779 7.603382
5.113296 12.85407 6.39984
6.343435 14.44167 6.030935
5.732693 13.75691 6.317264
5.438551 13.97845 6.750325
ID=Segmentation_25c-16
LM3=6
4.786643 13.21569 18.48935
4.912713 13.58362 21.23069
4.00509 12.48001 20.0362
5.079692 14.07843 19.83939
4.612437 13.42014 19.96257
4.184199 13.57801 20.29377
ID=Segmentation_25c-18
LM3=6
4.245672 13.05794 24.40748
4.476492 13.29304 27.36459
3.325657 12.38974 26.12542
4.354597 13.82275 25.95912
4.08882 13.29286 26.05582
3.732529 13.39891 26.50509
ID=Segmentation_25c-19
LM3=6
3.795584 12.64131 30.65546
3.706505 12.61077 34.26589
2.768685 11.68848 32.52092
3.95185 13.78153 32.39643
3.546372 12.75838 32.50625
3.086653 12.95523 33.02056
ID=Segmentation_25c-20
LM3=6
9.964503 13.32615 1.590735
9.641737 13.58082 4.402486
8.634076 13.70601 3.006221
10.49001 13.79048 3.242557
9.81419 13.65638 3.184744
9.52494 14.07727 3.380004
ID=Segmentation_25c-21
LM3=6
9.553383 13.77922 7.2312
9.572051 13.88857 10.22658
8.270569 13.8648 8.678202
10.40381 14.08678 8.811536
9.493544 14.07735 8.797758
9.297059 14.42883 9.085593
ID=Segmentation_25c-22
LM3=6
8.819156 14.07077 12.6322
8.796129 14.14796 15.74664
7.499074 14.05331 14.18584
9.500884 14.61545 14.22682
8.740943 14.25087 14.26261
8.481146 14.65076 14.61694
ID=Segmentation_25c-23
LM3=6
7.431035 14.19222 18.61794
8.722178 14.48089 20.94317
7.062383 14.38102 20.47916
8.644446 14.65281 19.59577
8.086753 14.49409 19.91397
8.019662 14.85581 20.28391
ID=Segmentation_25c-24
LM3=6
7.984671 14.55565 24.45906
8.170904 14.56528 27.19733
6.654336 14.63972 26.21454
8.653851 14.87143 25.88956
7.739425 14.78423 26.01748
7.704181 15.13123 26.37922
ID=Segmentation_25c-25
LM3=6
5.488953 2.555448 5.900987
4.037662 3.388381 8.61359
5.600809 2.128613 7.910734
3.885169 3.22143 6.969978
4.643674 2.810475 7.454302
4.230158 2.533879 7.835426
ID=Segmentation_25c-26
LM3=6
3.496491 2.920129 17.53751
2.945377 3.236015 20.1619
3.998006 2.191563 18.84682
2.437492 3.33796 18.83395
3.131277 2.939335 18.93288
2.934224 2.622425 19.21534
ID=Segmentation_25c-28
LM3=6
3.451295 2.740204 23.47385
2.653286 3.300732 26.21752
3.764631 2.101039 25.22421
2.384709 3.329661 24.68093
2.995735 2.8665 24.93055
2.702086 2.603751 25.23289
ID=Segmentation_25c-29
LM3=6
2.592632 3.244174 29.10356
3.17603 2.999323 31.86859
3.809468 2.408538 30.32267
2.116385 3.19984 30.7319
2.809782 2.946386 30.57863
2.806132 2.548621 30.92427
ID=Segmentation_25c-30
LM3=6
9.477861 14.24995 8.3818
10.19494 14.32406 11.15338
8.690486 14.5872 10.12065
10.48696 14.4801 9.701377
9.633744 14.55548 9.865142
9.721645 14.90647 10.21472
ID=Segmentation_27b-2
LM3=6
12.47052 3.97444 6.371419
12.15332 3.820839 9.246257
13.1084 4.633398 8.143259
11.90805 3.07684 7.615179
12.59169 3.813712 7.860862
12.72594 3.594768 8.314244
ID=Segmentation_27b-7
LM3=6
11.76948 4.317727 19.17419
11.46886 4.128904 22.05934
12.69064 5.121531 20.7656
11.32536 3.635084 20.68337
11.94764 4.348236 20.79398
12.15363 4.181621 21.1626
ID=Segmentation_27b-9
LM3=6
11.99294 4.715179 25.54215
11.71492 4.371812 28.40973
12.82111 5.184515 27.40224
11.53982 3.717251 26.76026
12.12268 4.446301 27.12001
12.27864 4.172343 27.49296
ID=Segmentation_27b-12
LM3=6
11.64197 4.350164 31.74003
11.79381 4.554889 34.23697
12.68537 5.218266 33.04536
11.29636 3.864639 33.10196
11.98071 4.472367 33.07071
12.18378 4.306905 33.41371
ID=Segmentation_27b-14
LM3=6
7.129435 16.2675 8.913239
8.286902 16.95527 11.10489
6.77768 16.00755 10.55489
8.157662 17.21667 9.686031
7.477089 16.63341 10.11596
7.394796 16.99002 10.4763
ID=Segmentation_27b-16
LM3=6
7.475698 16.08418 17.22002
7.417348 15.82201 20.47922
6.374677 15.17413 18.64491
7.753627 16.73442 18.89973
7.099164 15.90225 18.86103
6.788373 16.13901 19.3281
ID=Segmentation_27b-17
LM3=6
7.072787 15.47799 23.72903
7.222713 15.62734 26.68932
6.174001 14.79458 25.38581
7.51972 16.26123 25.3357
6.92102 15.63567 25.27773
6.639526 15.82341 25.64787
ID=Segmentation_27b-18
LM3=6
9.467288 5.449537 6.672794
9.289882 5.400115 9.563874
10.66214 5.069886 8.435167
8.47071 5.141993 8.203494
9.605974 5.125133 8.322201
9.540336 4.731627 8.562514
ID=Segmentation_27b-20
LM3=6
8.695066 4.599633 26.18955
8.332522 4.825174 29.00578
9.54116 4.151083 27.60818
7.626919 4.725651 27.4819
8.615226 4.3957 27.56955
8.397733 4.14895 27.98293
ID=Segmentation_27b-25
LM3=6
13.79756 4.68199 9.539533
15.0208 5.726768 12.1484
15.2782 6.00844 10.03127
14.32203 4.43611 11.21108
14.85781 5.27703 10.70029
15.27101 5.159611 10.99485
ID=Segmentation_27b-28
LM3=6
4.496128 9.325488 9.014218
4.310059 9.858647 11.80231
4.41418 8.632258 10.82994
3.94267 10.42367 10.21871
4.228381 9.496352 10.53103
3.882394 9.519871 10.84603
ID=Segmentation_27b-33
LM3=6
4.80854 7.090349 12.16671
4.714715 7.598074 15.33211
4.38219 5.913816 13.89652
4.67877 8.173679 13.82983
4.506118 7.135982 13.92063
4.167164 7.277671 14.24297
ID=Segmentation_27b-34
LM3=6
4.997745 8.124082 27.19572
4.757158 8.896662 30.26182
5.044501 7.35792 29.0056
4.27184 9.414911 28.44368
4.671236 8.307232 28.74193
4.291937 8.474865 29.2714
ID=Segmentation_27b-36
LM3=6
4.781705 8.961572 33.47813
4.806433 9.526075 36.30222
4.840691 8.065806 35.30416
4.236001 9.948816 34.64138
4.634832 9.087158 34.94434
4.234254 9.084296 35.40364
ID=Segmentation_27b-37
